,died,confirmed,crued,curConfirm,confirmedRelative,country
0,52,5691,4267,1372,61,塔吉克斯坦
1,310,46973,35469,11194,880,阿拉伯联合酋长国
2,288,1076,386,402,23,也门
3,0,19,19,0,0,老挝
4,6,293,211,76,0,缅甸
5,7,242,96,139,11,叙利亚
6,0,24,24,0,0,东帝汶
7,43,4204,2162,1999,228,吉尔吉斯斯坦
8,20,7228,4877,2331,240,乌兹别克斯坦
9,140,19750,12220,7390,520,哈萨克斯坦
10,5046,193115,165706,22363,1492,土耳其
11,0,219,170,49,1,蒙古国
12,19,992,824,149,1,塞浦路斯
13,3,141,138,0,0,文莱
14,1661,130474,53133,75680,3946,孟加拉国
15,8,2277,1848,421,23,马尔代夫
16,0,70,38,32,0,不丹
17,3,1514,446,1065,51,巴勒斯坦
18,1474,174577,120471,52632,3372,沙特阿拉伯
19,9,1086,797,280,39,约旦
20,2683,51427,21333,27411,1178,印度尼西亚
21,410,23247,12149,10688,771,亚美尼亚
22,109,92784,76072,16603,1060,卡塔尔
23,180,14852,8059,6613,547,阿塞拜疆
24,14,919,780,125,3,格鲁吉亚
25,3962,195745,84168,107615,4044,巴基斯坦
26,153,36034,19482,16399,1366,阿曼
27,683,30451,10306,19462,535,阿富汗
28,71,24081,18501,5509,508,巴林
29,341,43703,33969,9393,909,科威特
30,1437,39139,18051,19651,4637,伊拉克
31,33,1697,1144,520,18,黎巴嫩
32,313,22638,16589,5736,473,以色列
33,10239,217724,177852,29633,2595,伊朗
34,15319,491992,286019,190654,15626,印度
35,1224,34073,9182,23667,774,菲律宾
36,11,2010,1619,380,9,斯里兰卡
37,0,130,127,3,0,柬埔寨
38,27,11755,2698,9030,434,尼泊尔
39,0,353,330,23,0,越南
40,282,12602,11172,1148,28,韩国
41,121,8606,8294,191,4,马来西亚
42,971,18317,16392,954,82,日本
43,26,42955,36604,6325,113,新加坡
44,58,3162,3040,64,1,泰国
