,died,confirmed,crued,curConfirm,confirmedRelative,country
0,0,1,1,0,0,圣皮埃尔
1,9,146,133,4,0,百慕大
2,1,8,7,0,0,英属维尔京群岛
3,0,3,3,0,0,安圭拉
4,0,23,23,0,0,格林纳达
5,0,15,15,0,0,圣基茨和尼维斯
6,1,16,11,4,1,特克斯和凯科斯群岛
7,2,23,17,4,0,伯利兹
8,0,18,18,0,0,多米尼克
9,1,11,10,0,0,蒙特塞拉特
10,96,5543,512,4935,105,海地
11,133,5517,3291,2093,186,萨尔瓦多
12,74,2170,1238,858,0,尼加拉瓜
13,7,97,85,5,0,巴巴多斯
14,0,13,13,0,0,格陵兰岛
15,11,104,84,9,0,巴哈马
16,14,174,157,3,0,瓜德罗普
17,1,196,184,11,1,开曼群岛
18,3,101,98,0,0,阿鲁巴
19,1,23,19,3,0,库拉索
20,0,19,19,0,0,圣卢西亚
21,0,29,29,0,0,圣文森特和格林纳丁斯
22,3,65,22,40,39,安提瓜和巴布达
23,623,15619,2949,12047,279,危地马拉
24,8,123,109,6,0,特立尼达和多巴哥
25,85,2321,2171,65,2,古巴
26,426,15366,1600,13340,628,洪都拉斯
27,15,77,62,0,0,圣马丁岛
28,0,6,6,0,0,圣巴泰勒米岛
29,10,684,526,148,8,牙买加
30,564,29037,14800,13673,716,巴拿马
31,14,236,98,124,0,马提尼克
32,12,2684,1227,1445,147,哥斯达黎加
33,698,29141,16223,12220,510,多米尼加
34,25060,202951,116862,61029,5437,墨西哥
35,8504,102622,65425,28693,610,加拿大
36,126823,2505909,1052442,1326644,48462,美国
