,confirmed,died,crued,confirmedRelative,curConfirm,country
0,571,47,512,,12,海峡群岛
1,336,24,312,0,0,马恩岛
2,424,9,315,6,100,黑山
3,187,0,187,0,0,法罗群岛
4,2269,51,1298,78,920,阿尔巴尼亚
5,4408,211,2370,128,1827,保加利亚
6,15453,502,8599,739,6352,摩尔多瓦
7,670,9,632,3,29,马耳他
8,1643,28,1455,23,160,斯洛伐克
9,12,0,12,0,0,梵蒂冈
10,13565,265,12232,137,1068,塞尔维亚
11,176,0,176,0,0,直布罗陀
12,82,1,81,0,0,列支敦士登
13,3935,178,2338,120,1419,波黑
14,4127,578,2663,9,886,匈牙利
15,1558,109,1376,6,73,斯洛文尼亚
16,33395,1429,19218,298,12748,波兰
17,41117,1086,18299,994,21732,乌克兰
18,1112,30,932,0,150,拉脱维亚
19,40866,1555,26633,311,12678,葡萄牙
20,855,52,797,0,6,安道尔
21,10870,345,7649,179,2876,捷克
22,25405,1727,23364,5,314,爱尔兰
23,4151,110,3968,18,73,卢森堡
24,698,42,656,0,0,圣马力诺
25,102,4,95,1,3,摩纳哥
26,1832,10,1813,6,9,冰岛
27,60713,373,42689,437,17651,白俄罗斯
28,1808,78,1501,2,229,立陶宛
29,50005,6103,322,110,43580,荷兰
30,1986,69,1797,1,120,爱沙尼亚
31,12675,604,11508,21,563,丹麦
32,25697,1579,18181,460,5937,罗马尼亚
33,5758,268,2206,150,3284,北马其顿
34,8788,249,8138,11,401,挪威
35,3321,191,1374,19,1756,希腊
36,31486,1962,29000,52,524,瑞士
37,2539,107,2150,95,282,克罗地亚
38,17522,698,16348,28,476,奥地利
39,61106,9731,16918,109,34457,比利时
40,294566,28330,196958,334,69278,西班牙
41,65137,5280,4971,3053,54886,瑞典
42,620794,8781,384152,7113,227861,俄罗斯
43,307980,43230,1361,1770,263389,英国
44,239706,34678,186725,577,18303,意大利
45,7191,328,6600,5,263,芬兰
46,193807,9012,177100,426,7695,德国
47,161348,29752,75351,81,56245,法国
