,died,confirmed,crued,curConfirm,confirmedRelative,country
0,0,17,2,15,0,莱索托
1,7,272,161,104,7,科摩罗
2,13,711,214,484,3,圣多美和普林西比
3,36,1942,224,1682,12,南苏丹
4,12,960,260,688,138,马拉维
5,1,144,93,50,0,布隆迪
6,56,1354,869,429,7,塞拉利昂
7,1,92,25,66,3,博茨瓦纳
8,19,1556,191,1346,0,几内亚比绍
9,113,2039,1383,543,4,马里
10,18,698,140,540,31,利比亚
11,5,788,221,562,31,莫桑比克
12,0,144,39,105,1,厄立特里亚
13,0,833,761,72,0,乌干达
14,10,212,81,121,8,安哥拉
15,16,1922,862,1044,42,马达加斯加
16,6,551,128,417,5,津巴布韦
17,8,1003,562,433,21,佛得角
18,67,1059,919,73,5,尼日尔
19,74,863,774,15,0,乍得
20,10,341,326,5,0,毛里求斯
21,18,1497,1223,256,8,赞比亚
22,52,4643,4348,243,5,吉布提
23,2,43,26,15,0,冈比亚
24,14,1053,292,747,115,贝宁
25,90,2878,868,1920,43,索马里
26,21,509,183,305,0,坦桑尼亚
27,34,681,278,369,29,利比里亚
28,32,2508,2218,258,74,马约特
29,37,1087,456,594,0,刚果（布）
30,40,3244,607,2597,48,中非共和国
31,0,11,11,0,0,塞舌尔
32,32,2001,515,1454,0,赤道几内亚
33,0,105,21,84,14,纳米比亚
34,2,850,385,463,32,卢旺达
35,8,706,347,351,16,斯威士兰
36,119,3739,1225,2395,227,毛里塔尼亚
37,556,8984,3806,4622,0,苏丹
38,29,5174,3861,1284,70,几内亚
39,81,5175,1544,3550,141,埃塞俄比亚
40,132,5384,1857,3395,178,肯尼亚
41,40,5087,2270,2777,107,加蓬
42,95,15473,11431,3947,905,加纳
43,2,516,460,54,9,留尼汪岛
44,60,8334,3487,4787,260,科特迪瓦
45,149,6552,900,5503,198,刚果（金）
46,53,941,830,58,15,布基纳法索
47,14,588,394,180,7,多哥
48,313,12592,10100,2179,322,喀麦隆
49,2292,118375,59974,56109,5688,南非
50,50,1162,1023,89,3,突尼斯
51,98,6354,4193,2063,104,塞内加尔
52,217,11465,8560,2688,586,摩洛哥
53,549,22614,7822,14243,649,尼日利亚
54,2533,61130,16338,42259,1420,埃及
55,878,12445,8920,2647,172,阿尔及利亚
